,text,embeddings
1140,##3 httpsdoiorg1011111467 988400366 43 pelechrinis k winston w a skellam regression model for quantifying positional value in soccer jour nal of quantitative analysis in sport in print 2021 httpsdoiorg101515jqas20190122 44 skellam jg the frequency distribution of the difference between two poisson variates belonging to dif ferent populations journal of the royal statistical society series a 1946 109296 httpsdoiorg10 23072981372 45 zoba winter is coming for 90 of all micromobility markets 2019 httpsmediumcomzobablog winteriscomingfor90ofallmicromobilitymarketsd2085bedb2a7 plos one excess demand prediction for bike sharing systems plos one httpsdoiorg101371journalpone0252894 june 17 2021 21 21 [SEP],"[-2.21842840e-01  1.60634331e-02  2.99516916e-01 -1.37579918e-01
  4.62689102e-01  1.05615221e-02  1.95291508e-02  2.91947275e-01
 -2.69623399e-01 -1.93613604e-01  5.02355471e-02 -3.43243390e-01
 -7.30121210e-02  2.96692818e-01 -2.88113579e-02  5.85368931e-01
  1.10595584e-01 -5.28662540e-02  3.75678539e-02  2.20496938e-01
  5.21739304e-01 -1.65273920e-02  1.61459401e-01  4.41273749e-01
  1.23745762e-01 -1.45769984e-01  1.71527624e-01 -6.27232492e-02
 -1.46609321e-01  7.83076584e-02  2.98583061e-01  1.36646390e-01
  2.84471847e-02 -9.81395096e-02 -3.74634052e-04  4.09453921e-02
 -1.38894683e-02 -1.81147382e-01  1.07535943e-01  2.96727777e-01
 -3.50837708e-01 -4.50206488e-01 -1.24954090e-01  2.75891542e-01
 -3.14054191e-01 -2.04102203e-01 -1.77726727e-02  8.98333266e-02
  4.33622658e-01 -2.61652563e-02 -5.46051621e-01  2.58441329e-01
  2.04095885e-01 -7.66237965e-03 -3.90915908e-02  7.04371214e-01
 -7.39838332e-02 -3.55488092e-01 -2.68814921e-01 -3.16310018e-01
  2.84904629e-01 -2.15758473e-01  1.35672361e-01 -1.82415187e-01
 -1.51014864e-01  8.78113210e-02  3.45827490e-02  4.46318328e-01
 -6.28217459e-01 -1.22434132e-01 -1.97746634e-01  8.32441226e-02
 -1.54543385e-01  1.39286473e-01 -9.15385932e-02 -2.20573828e-01
 -1.14300378e-01  3.99221808e-01  2.44297862e-01  1.21766783e-01
  2.96284892e-02 -7.42433034e-03 -1.09954506e-01  2.24961013e-01
  6.44075200e-02 -3.84780988e-02  1.07373454e-01 -4.96881902e-02
 -2.96368718e-01  3.54069352e-01  9.64735299e-02 -7.70891234e-02
  2.14555562e-01 -3.98303522e-03 -3.18023413e-02 -1.17730916e-01
 -1.46420047e-01 -1.33580938e-01 -3.13704252e-01  2.31336579e-01
  1.19684383e-01 -1.50793102e-02  1.59928113e-01 -1.52746588e-01
 -5.39245754e-02 -1.63744301e-01 -1.31943926e-01  4.74056453e-02
 -1.68752670e-02  3.25978994e-01  8.46213549e-02 -4.38325219e-02
 -1.00405030e-01 -3.07799339e-01  1.08347505e-01 -1.77279770e-01
 -3.00901476e-02  1.80068776e-01  2.99427181e-01  1.65743142e-01
  1.05355240e-01 -6.58466294e-02  1.75936654e-01  8.78749788e-01
 -8.07623789e-02  8.54001418e-02 -3.47522497e-01  8.14218000e-02
  7.92612359e-02  2.63984621e-01  1.43919230e-01  2.21816495e-01
 -1.83486985e-03 -1.89333975e-01 -1.17254093e-01  1.03548937e-01
 -5.04403472e-01 -2.32954323e-02 -1.31713241e-01  1.35099396e-01
  7.05344602e-02 -1.15290187e-01  2.24112004e-01 -4.82729450e-02
  6.14496209e-02 -7.05457479e-03 -1.46570489e-01 -1.11080714e-01
  1.57636061e-01  1.40764564e-01 -1.27695769e-01 -9.90581810e-02
  1.39654562e-01 -2.51953214e-01  1.27411876e-02 -2.34095216e-01
  4.68121171e-02  4.43463847e-02 -2.33909652e-01 -1.65906958e-02
  1.70717180e-01 -5.05409986e-02 -9.63183492e-02 -1.89194873e-01
  1.59660906e-01  2.27339398e-02  1.54632092e-01  2.28635088e-01
 -1.65765136e-01 -2.84934118e-02  4.08221744e-02 -4.71114218e-01
  5.09715438e-01 -1.72698468e-01 -1.53183574e-02  1.05067119e-01
  3.56819898e-01 -2.45504394e-01  3.23175758e-01  1.91362932e-01
 -3.23261738e-01  1.66237950e-01 -1.00409918e-01  9.68653783e-02
  4.64563072e-01  4.88708466e-02  2.70482898e-01  2.05546361e-03
  1.53085887e-01  4.89047803e-02 -3.49771351e-01  1.05865765e-02
 -2.51302626e-02 -1.65629983e-01  2.21911043e-01 -1.32030219e-01
  7.69641921e-02 -9.70040858e-02 -1.76094115e-01  3.23686525e-02
  2.54443269e-02  9.35625732e-02  2.99051791e-01  6.23711087e-02
 -2.04763234e-01  4.51500453e-02  2.19345689e-01 -1.10091820e-01
 -1.38691664e-01 -4.32294309e-02 -1.42269254e-01  3.50401431e-01
 -6.18099011e-02  1.84924170e-01 -2.67791003e-01 -2.01298311e-01
  5.27880788e-02  5.24786487e-02  3.33959997e-01  1.22410968e-01
  9.03780535e-02 -2.77488530e-02 -2.86467791e-01  4.36938256e-01
 -2.14851171e-01  7.90379405e-01  2.64304221e-01 -4.54497010e-01
  1.99014455e-01  3.40729892e-01 -1.19836755e-01 -4.01375294e-01
  4.84849513e-01 -2.88905829e-01  8.89080316e-02  3.04375030e-03
 -1.75344869e-01 -2.00402960e-02  2.07774058e-01 -2.86250651e-01
 -1.72847509e-01  4.97429669e-01  3.23992431e-01  3.00953723e-02
 -1.93543509e-01 -3.01939547e-01 -1.01664290e-01  1.12928241e-01
 -1.27967536e-01 -2.95194477e-01 -3.93956333e-01  1.91871494e-01
  1.50469868e-02 -7.61873946e-02 -2.16198042e-01 -3.98196250e-01
  1.14126122e-02 -2.80335575e-01 -3.03952955e-02  1.13185287e-01
  3.39179993e-01 -2.05493905e-02  2.97095805e-01 -6.34410558e-03
 -1.54349193e-01 -4.27885860e-01 -5.30803502e-02  3.91087942e-02
  3.75171512e-01  1.51178852e-01 -6.37721196e-02  3.13654423e-01
 -1.49356857e-01  5.49870849e-01 -1.26293808e-01 -2.64936034e-02
  2.77315587e-01  7.99151510e-02 -6.15891963e-02  1.69304892e-01
  2.09006771e-01  2.99106061e-01  1.78966790e-01  2.90975589e-02
 -2.03149304e-01 -1.79316223e-01  1.39278183e-02  2.78112352e-01
  7.18309209e-02 -2.84048140e-01 -1.93310846e-02  4.37145025e-01
 -2.02419400e-01 -3.26638371e-01  3.23080063e-01  1.12201206e-01
 -2.84627974e-02 -3.92267890e-02  1.31110340e-01 -1.45139068e-01
 -1.82169080e-01  1.17076859e-02  1.73265696e-01 -6.90176263e-02
 -1.92047879e-01  3.09139967e-01 -1.06722280e-01 -3.41634274e-01
 -3.99636221e+00  1.68193758e-01 -5.41181527e-02 -3.85210663e-01
  3.30231577e-01 -1.77836671e-01  1.64414912e-01  1.36974491e-02
 -5.51394343e-01  1.55052781e-01 -2.66873986e-01 -1.24941453e-01
  5.51888756e-02  2.76072025e-01  2.30747163e-02 -1.50598371e-02
 -3.04547459e-01 -2.05845773e-01 -9.49879289e-02  3.73115391e-01
 -8.33861455e-02 -3.73924524e-01  1.73620805e-01 -9.81380790e-02
  3.73309672e-01  1.40760183e-01 -3.49759787e-01 -2.39006616e-02
 -1.81142554e-01 -2.67604679e-01  1.51928440e-01 -2.20976174e-01
 -2.49161236e-02  3.57760757e-01  1.52767166e-01 -1.54364869e-01
 -1.64191633e-01 -3.89691949e-01 -3.40297818e-01 -2.84770429e-01
  2.46722847e-02 -6.05840266e-01 -8.94446746e-02  4.31241207e-02
  7.49916017e-01 -9.33108386e-03  4.06492874e-02  2.08259076e-01
  6.54355809e-02 -3.53717022e-02  2.16221169e-01  3.31778303e-02
 -2.69499540e-01 -1.92197025e-01 -2.38388717e-01 -1.37053460e-01
  3.52004796e-01  3.91407609e-01 -3.72657217e-02 -1.11855663e-01
  3.69668871e-01  2.97210701e-02 -4.69931960e-01 -1.13851093e-01
 -3.33063334e-01 -3.14928800e-01 -7.31908083e-01 -9.95318741e-02
 -1.54272402e-02 -4.80400212e-03 -3.72331262e-01  1.63730517e-01
 -1.49587512e-01 -7.82546625e-02  5.14773056e-02 -2.82693803e-01
  1.42106205e-01  6.72551617e-02  2.87007302e-01  1.28880158e-01
 -1.63295388e-01 -3.09529841e-01 -1.37368158e-01 -2.09401011e-01
 -1.31804459e-02 -3.45476925e-01 -4.96285073e-02 -3.10163796e-01
 -3.21509302e-01 -3.23304087e-01  1.46618590e-01 -1.74580112e-01
  1.27717957e-01 -2.39677215e-03  1.41031757e-01  9.32774600e-03
  1.28576174e-01 -3.14820744e-02  1.60683557e-01 -1.87021777e-01
  1.21971264e-01 -3.12732428e-01  3.87250751e-01 -4.30596203e-01
  2.96506584e-02  1.60390362e-01 -2.31118962e-01  1.43748611e-01
  9.71007347e-02 -1.24020092e-01  1.79746836e-01 -3.50458249e-02
  2.12372527e-01 -3.99694443e-01 -1.42105982e-01 -9.81956571e-02
  7.71899745e-02  3.38228971e-01  1.82512730e-01 -2.64823675e-01
 -5.60829997e-01  2.55730599e-01 -1.23120189e-01 -3.76151383e-01
 -3.89185369e-01  1.47567004e-01 -2.28362888e-01  1.75589079e-03
 -1.31795481e-01 -2.15123311e-01 -1.50766268e-01 -2.63458043e-01
 -9.65411067e-02  2.95766681e-01  2.49520540e-01 -1.01887630e-02
 -1.15722358e-01 -5.73681891e-01 -1.55525953e-01 -2.63476875e-02
  1.42128274e-01  1.25077143e-01  1.46936595e-01 -6.71126172e-02
  4.89843190e-02  2.02139750e-01  3.45227033e-01 -1.14923054e-02
 -1.02693088e-01  1.06423244e-01 -2.51672029e-01 -2.32523397e-01
  3.78463380e-02  1.31826267e-01  8.31398219e-02  2.11134955e-01
  5.07367671e-01  2.66473982e-02 -2.01397508e-01 -6.15405321e-01
  3.85622293e-01 -9.47878733e-02  5.44683449e-02 -1.20685682e-01
 -4.14121747e-02  3.18579376e-01  1.31691977e-01  8.11001509e-02
  1.20466657e-01 -1.47055119e-01 -2.73014992e-01 -8.33445340e-02
 -1.83711737e-01 -1.83336943e-01 -1.99313417e-01  5.01154721e-01
  1.88322976e-01 -2.12505043e-01 -4.48782057e-01  4.57971722e-01
  1.27522871e-01  5.85953370e-02 -5.26366420e-02 -1.93280671e-02
  1.70137152e-01  4.49745059e-02  2.95814991e-01 -1.72873944e-01
  6.76970780e-02 -5.31317368e-02  1.26763023e-02  3.58054310e-01
 -6.32139221e-02 -1.98341176e-01 -9.30638313e-02 -1.12914808e-01
  3.45607966e-01 -1.55597791e-01 -6.93213046e-02  1.55890644e-01
 -1.57273978e-01 -7.46936426e-02 -2.47033551e-01  4.23189104e-02
  1.59480482e-01 -2.07618907e-01 -1.60394087e-01  1.87632456e-01
 -1.22228544e-03 -2.17814311e-01 -2.69934684e-01 -4.13994849e-01
 -3.97982806e-01  4.92413379e-02  8.96058604e-02 -9.75803286e-02
 -2.60682553e-01 -9.20589790e-02 -1.70285270e-01  9.41091627e-02
 -6.90303892e-02 -5.83674312e-02  1.37895212e-01 -1.15599453e-01
 -2.44616762e-01 -2.28423439e-02  2.93753725e-02 -9.33408067e-02
  2.33462881e-04  6.78684339e-02  6.54089749e-02 -1.06251895e+00
  1.95012651e-02  2.38236442e-01 -1.94342166e-01 -1.39221177e-01
 -4.82212305e-01 -3.43635917e-01  2.43625194e-01  3.00968051e-01
 -3.18243116e-01 -3.20047736e-02 -1.49412930e-01 -5.65519035e-01
  1.01468906e-01 -9.98820588e-02  6.74955919e-02  2.30615616e-01
 -1.20657971e-02  1.40251786e-01 -1.04259513e-01  6.25997782e-03
 -5.16329482e-02 -4.43002492e-01  2.83804268e-01 -1.37487829e-01
 -2.66670853e-01 -1.59283414e-01 -1.19732477e-01 -1.73553273e-01
 -1.45524800e-01  3.11723292e-01 -1.27648963e-02  2.05471426e-01
  6.44612834e-02  4.65832092e-02  2.30490029e-01 -8.76007676e-02
  1.69223577e-01 -6.26715720e-01  5.64475656e-02 -9.84368697e-02
  6.92417547e-02  1.66183487e-01  1.84320182e-01 -2.06158087e-01
 -8.84914994e-02 -2.93362260e-01  4.43240821e-01 -5.02684236e-01
 -2.10534468e-01 -1.10359482e-01 -2.10313231e-01  5.65976091e-03
  3.22326779e-01 -4.68384981e-01  5.93889244e-02 -3.01995184e-02
 -1.46412820e-01 -5.54839149e-02  4.26866323e-01  9.40391142e-03
 -2.00191304e-01 -2.39106551e-01 -2.32241616e-01  1.24503523e-01
  3.56523156e-01  8.71132314e-02  6.55920729e-02  8.40423256e-02
  3.16865183e-02  7.86058009e-02  1.48392290e-01 -3.12914588e-02
 -1.54897735e-01 -4.05982435e-02  8.14632028e-02 -3.00281554e-01
 -3.04865628e-01  5.30955270e-02 -4.55139965e-01 -4.09208506e-01
  4.61338967e-01  9.92730185e-02 -3.10570627e-01 -1.41511619e-01
 -8.42986107e-02 -7.39693865e-02  1.99794456e-01 -6.50098175e-02
  5.39001264e-02  1.01454809e-01  4.71980035e-01 -3.82296182e-02
  1.26733854e-01  7.53558502e-02 -2.37152591e-01 -4.80675548e-02
  2.53752351e-01  2.15266407e-01  1.89634264e-01  2.16969118e-01
  5.08757792e-02  3.35810065e-01 -3.16700518e-01  5.04341163e-02
 -5.77662326e-02 -1.40099913e-01 -1.66671231e-01  1.90540388e-01
  1.66235805e-01  1.16326623e-01  2.72706985e-01  2.60349929e-01
  2.42960349e-01  1.53664514e-01  2.50781834e-01 -2.11715940e-02
  3.38129193e-01  2.83899277e-01  7.85460398e-02  2.06438780e-01
  1.84766367e-01 -2.53583174e-02 -5.38301431e-02  9.85522494e-02
  1.82440374e-02  7.69119859e-02  2.33124886e-02  4.36331004e-01
  6.78049922e-02  3.89074236e-01  3.59611511e-01 -1.77893683e-01
 -1.74676493e-01  1.26479520e-02  2.83132285e-01 -1.06230211e-02
  3.20819803e-02  1.06933624e-01  1.70551747e-01  2.48708740e-01
 -1.39856383e-01 -5.50612435e-02 -5.14845885e-02  1.93817079e-01
  1.24609441e-01 -4.36223708e-02  7.61087835e-02  1.03008017e-01
 -2.10290000e-01 -7.44111687e-02 -2.62303561e-01 -1.17950499e-01
 -1.07319891e-01 -2.93419689e-01 -2.44150609e-01  1.25600830e-01
 -2.81833529e-01 -4.60906833e-01  6.10352829e-02  1.16261560e-02
  3.48030090e-01 -2.15282083e-01 -1.56084970e-01 -1.09309167e-01
  4.92206961e-01  5.80398850e-02  6.72256529e-01  5.63642010e-02
  9.98179093e-02 -2.22088829e-01 -1.60331368e-01  1.28659476e-02
  2.92884469e-01 -8.59132409e-02  2.09164217e-01  3.10743004e-01
 -4.88010883e-01  2.78764397e-01  2.18341425e-02  2.36425400e-01
 -2.53833532e-01  1.67014077e-02 -1.45534098e-01  3.94182233e-03
  1.07054651e-01 -1.04428001e-01 -5.59181571e-01 -2.04692975e-01
 -3.25348467e-01 -3.81445467e-01  1.56399623e-01 -2.42311537e-01
 -3.07071865e-01 -1.47723239e-02  1.98235273e-01 -4.78097331e-03
  5.48995957e-02  1.59416348e-01 -2.91274309e-01  1.88852906e-01
 -6.25320897e-02  3.70498061e-01 -9.18142721e-02 -2.40321547e-01
 -1.19779003e-03  1.93777740e-01 -6.88418299e-02  2.11153999e-01
  3.65737438e-01  5.34132183e-01 -1.45776197e-01  1.09021418e-01
  6.18973851e-01 -2.66717762e-01 -2.38537222e-01 -4.32211429e-01
 -3.62159371e-01 -1.19618967e-01 -2.70068705e-01  3.06501240e-02
  6.11775443e-02 -3.79104823e-01  2.00315744e-01 -1.16143614e-01
 -1.20908454e-01 -1.56319842e-01 -1.17833734e-01  1.50815338e-01]"
1091,america xil178pittedu abstract one of the most crucial elements for the longterm success of shared transportation sys tems bikes cars etc is their ubiquitous availability to achieve this and avoid having sta tions with no available vehicle service operators rely on rebalancing while different operators have different approaches to this functionality overall it requires a demandsupply analysis of the various stations while trip data can be used for this task the existing meth ods in the literature only capture the observed demand and supply rates however the excess demand rates eg how many customers attempted to rent a bike from an empty station are not recorded in these data but they are important for the indepth understanding of the systems demand patterns that ultimately can inform operations like rebalancing in this work we propose a method to estimate the excess demand and supply rates from trip and station availability data key to our approach is identifying what we term as excess demand pulse edp in availability data as a signal for the existence of excess demand we then proceed to build a skellam regression model that is able to predict the difference between the total demand and supply at a given station during a specific time period our experiments with real data further validate the accuracy of our proposed method introduction during the past few years urban and transportation planners have come to realize that if we want our cities to thrive and lead the way to a sustainable future a turn to multimodal and shared transportation is needed this has led to the fast growth of shared transportation,"[-2.79076576e-01  3.53448153e-01  1.92102611e-01 -1.10926852e-02
  1.64702665e-02 -3.67281847e-02 -1.54391423e-01  3.49627398e-02
  9.19321477e-02 -4.31084394e-01  1.45495489e-01 -1.61752999e-01
 -2.56953627e-01  2.21823454e-01  4.87467013e-02  3.27717334e-01
  1.68660700e-01 -1.49086118e-01  3.76287363e-02  1.58674538e-01
  1.89414248e-01  1.26710851e-02  2.51259714e-01  3.24176848e-01
  3.55855584e-01 -7.73809850e-02  8.82526338e-02 -6.85173571e-02
 -2.81273007e-01  7.65322372e-02  4.81160223e-01  4.72567044e-02
 -1.39286503e-01 -2.17541710e-01  2.29904711e-01  7.30503425e-02
  6.91290125e-02 -1.06924646e-01 -6.46759272e-02  2.00132676e-03
 -2.94916630e-01 -3.21897507e-01  2.11728171e-01 -2.46877015e-01
 -4.35038716e-01 -1.71354890e-01  9.05825049e-02 -3.56904358e-01
  2.81494651e-02  4.44385409e-02 -4.51487929e-01  1.50655508e-01
 -2.08521545e-01  2.34577566e-01  1.45110726e-01  3.63269538e-01
 -2.59340852e-01 -4.79171813e-01 -4.30713236e-01 -4.23439473e-01
  3.71942669e-01 -2.90980935e-01  2.24776387e-01 -3.35145205e-01
 -2.60052402e-02 -1.41242623e-01  1.75367534e-01  2.80493647e-01
 -2.21423283e-01  1.06714576e-01 -2.67841339e-01  1.20784253e-01
 -4.48785245e-01  2.47037858e-01 -4.00213927e-01  1.24836169e-01
 -1.08246610e-01  4.72775668e-01  3.90012488e-02 -2.58760005e-01
 -8.00556913e-02  2.61631787e-01 -2.57743895e-01  4.32179958e-01
  2.72364140e-01  6.38072714e-02  2.17588469e-01  2.98555106e-01
 -3.02793413e-01  3.89285624e-01  3.47569734e-01 -1.26818717e-01
  1.47018731e-01  6.68323115e-02  2.66828001e-01  3.73947881e-02
  2.09461689e-01 -5.20906746e-02 -1.32110730e-01  5.81845902e-02
  5.70209250e-02 -1.58989713e-01 -8.91228020e-02 -1.31517008e-01
 -2.94266287e-02 -2.14878663e-01 -6.03850931e-02  3.43666881e-01
  1.53388947e-01  2.79473457e-02  3.44400942e-01  1.40117154e-01
 -4.46464032e-01 -2.90407449e-01  6.51595816e-02 -1.11258812e-01
  1.03925616e-01  1.40998408e-01  4.20949571e-02  6.49733618e-02
  2.52913862e-01  2.57276624e-01  1.06235951e-01  3.93700361e-01
  5.14612086e-02 -5.83584458e-02 -2.99092621e-01  1.21021464e-01
 -2.82725180e-03  7.09625259e-02 -1.07431225e-02  3.06241542e-01
 -4.96025495e-02 -3.56113344e-01 -2.72082388e-01  4.06557806e-02
 -2.75486857e-01 -9.53612402e-02 -2.66049713e-01  1.16540678e-01
 -5.83585054e-02 -3.02371025e-01  5.13899624e-01 -6.45447299e-02
  1.49707854e-01 -1.14521394e-02 -1.56580228e-02 -1.68717965e-01
 -2.64585376e-01  4.12189007e-01  1.66279115e-02  2.44781792e-01
 -2.65499324e-01 -1.69880837e-01  2.38019209e-02  1.29933599e-02
 -3.67128640e-01  1.96289748e-01 -4.16631013e-01  2.06539080e-01
  2.10834891e-01  2.44212344e-01 -2.04192296e-01 -1.22304626e-01
  2.95369476e-01 -2.97603339e-01  1.61253989e-01  4.46439117e-01
 -2.88344532e-01  3.08043733e-02  8.43608845e-03 -4.83653285e-02
  5.52505553e-01  1.96970969e-01  4.58545834e-01  9.23550725e-02
  1.83871597e-01  2.72540338e-02  1.94990695e-01 -5.52222971e-03
 -3.34766954e-01  2.68727660e-01 -9.04141366e-02  1.48802117e-01
  3.54531258e-01 -2.49045059e-01  3.63343537e-01 -2.00080916e-01
  2.06885144e-01 -6.93866834e-02 -5.94390213e-01 -4.12085615e-02
 -1.09269284e-01 -1.03007033e-01  2.56249994e-01 -3.15822542e-01
  9.27204359e-03  6.30200878e-02 -2.28681952e-01 -2.93971151e-01
  1.13687767e-02  2.02505425e-01 -3.44299786e-02  1.93035513e-01
 -2.26208642e-01 -4.65593219e-01  1.05952337e-01 -1.81808800e-01
 -2.20467657e-01 -1.21021666e-01  1.62576795e-01  1.05405457e-01
 -8.45687166e-02 -9.73280612e-03  8.97314250e-02 -1.91652596e-01
  1.37734637e-01  2.12966099e-01 -4.61356677e-02  3.64473239e-02
 -4.16656621e-02 -8.30289349e-02 -3.70107323e-01  3.69286537e-01
 -2.34964974e-02  3.62236947e-01  3.67237598e-01 -5.97001970e-01
  6.33143842e-01  4.50475961e-01  6.84192181e-02 -5.09421885e-01
  1.22493029e-01 -2.90134698e-01 -2.22049668e-01 -1.14193700e-01
 -1.31419925e-02 -1.02477543e-01  9.39563736e-02 -3.08498114e-01
 -2.76798457e-01  5.10679245e-01 -1.91988219e-02  1.60057247e-01
 -1.04102120e-01 -3.51684302e-01 -5.97372577e-02 -5.05772717e-02
 -2.09185511e-01 -2.12330043e-01 -4.49559897e-01 -1.84345208e-02
  1.44328728e-01 -2.22679719e-01  4.29102294e-02 -3.03073168e-01
 -9.92081035e-03 -4.72175807e-01 -1.22085035e-01 -1.15511641e-02
  1.84782818e-01  1.27738386e-01 -1.14180250e-02 -2.19175726e-01
 -1.16052680e-01 -8.28474343e-01 -1.72294810e-01  1.96581602e-01
  1.81596249e-01  4.04448211e-01  2.07788706e-01 -9.76437032e-02
  5.65854572e-02  3.33043545e-01 -3.34052086e-01 -1.97891265e-01
  3.93357247e-01  7.59767666e-02  9.27630067e-03 -4.70691696e-02
 -9.25205532e-04  3.43288541e-01  6.89950064e-02  1.17457822e-01
  1.80870891e-02 -1.85354456e-01  5.00733376e-01  8.01312998e-02
 -1.87330857e-01  3.22228037e-02  3.03475317e-02  6.07967004e-02
 -3.05146843e-01 -3.18391174e-01  2.81828880e-01  3.35766882e-01
  6.73905015e-02  2.18059719e-01  1.43567204e-01 -1.63534716e-01
 -2.89739996e-01 -2.79113084e-01  2.34956130e-01  2.89977580e-01
 -7.02913776e-02 -1.06554873e-01 -3.18197727e-01 -1.13881707e-01
 -4.92278004e+00  1.34247482e-01  6.53228760e-02 -2.81970203e-01
  3.27386469e-01  1.31823555e-01  2.25774258e-01 -2.05649156e-02
  3.64770740e-02  1.49660930e-01  4.52082418e-02 -1.74288496e-01
 -5.93496785e-02  3.03265095e-01  2.47182742e-01 -3.27110857e-01
  1.32358819e-01 -7.73634687e-02  6.48662820e-02  3.84707510e-01
  1.44171581e-01 -3.23151201e-01 -1.77457947e-02  8.28447342e-02
 -1.83591455e-01  2.68967628e-01 -2.50394940e-01 -4.19226170e-01
 -2.32452288e-01 -6.56118840e-02  2.47334868e-01 -2.69333482e-01
  1.11980908e-01 -4.53247130e-02  1.81216300e-01  1.59541234e-01
 -5.34076057e-02 -2.65996158e-01  9.64163840e-02 -4.30287421e-01
  1.45926680e-02 -4.41839129e-01 -3.09129786e-02 -2.63626009e-01
  6.31687701e-01  2.30799109e-01  7.24189878e-02  2.07167134e-01
  1.42265841e-01 -1.05280839e-01  1.30447254e-01  2.21592352e-01
 -2.26029307e-01 -3.49312663e-01 -9.68952179e-02 -1.10669822e-01
  1.29520983e-01  2.17918441e-01  2.27474682e-02 -2.35464960e-01
 -5.65716103e-02 -9.27908570e-02 -3.50208551e-01  3.48166265e-02
 -2.49285072e-01 -3.10888797e-01 -4.60908622e-01  2.84854621e-01
 -1.27095699e-01 -5.26453461e-03 -2.30721429e-01  5.85323095e-01
 -3.30634683e-01 -1.14157476e-01  3.53799313e-02 -5.59856594e-01
  2.81433731e-01 -1.32877737e-01  3.46520692e-01 -2.11557671e-01
 -5.31453371e-01 -3.53086591e-01  1.04173958e-01 -4.03110310e-02
 -1.54875377e-02 -1.40557483e-01 -2.73106903e-01 -8.49237666e-02
 -3.00843239e-01 -4.05923247e-01  3.34777832e-01 -4.36712466e-02
  1.86566059e-02  4.97020707e-02  4.36074078e-01  3.75326350e-02
  2.33949274e-01 -3.87901105e-02  5.91076612e-02 -1.38720423e-01
  2.22618133e-02 -6.66315332e-02  2.86126167e-01 -1.90315858e-01
  1.61542997e-01 -2.98759080e-02 -1.84091866e-01 -3.97369154e-02
  3.29669237e-01 -3.16878478e-03  1.28445685e-01 -1.48844391e-01
  1.85749233e-01 -5.06476998e-01  1.03346966e-02  5.13422349e-03
 -1.27577066e-01  2.29066029e-01  2.76927203e-01 -2.39926040e-01
 -2.45461226e-01  4.55182850e-01 -2.78009087e-01 -6.73283115e-02
 -2.70580500e-01  1.59717619e-01  7.09271207e-02  3.69070947e-01
  1.38360679e-01 -9.80443731e-02 -2.67745614e-01 -8.19005966e-02
 -2.53764242e-01  3.87897551e-01  1.62722096e-01 -1.91489309e-01
  1.27270013e-01 -1.70298085e-01 -1.15681976e-01  3.12812209e-01
 -8.48695934e-02  3.61002058e-01 -2.77931124e-01  1.89193003e-02
 -1.93212628e-01  4.22676355e-01 -1.35171786e-01  9.87243652e-03
 -1.77196890e-01 -2.21007839e-01 -3.28104079e-01 -3.39588702e-01
 -1.68800309e-01 -3.23753506e-01  4.65629995e-01  8.51615295e-02
  1.84610888e-01 -1.16924845e-01  1.32465854e-01 -4.95003045e-01
  3.52437258e-01  2.58386612e-01 -1.60126776e-01  4.33640599e-01
 -4.37612981e-01  5.14702320e-01 -6.86034486e-02 -1.88145071e-01
  2.06392094e-01  2.05647219e-02 -3.68484378e-01 -3.45665872e-01
  3.18836570e-02 -1.39161244e-01  1.57998249e-01  6.78254724e-01
  2.94683397e-01 -1.95663035e-01 -2.74824083e-01  5.74825406e-02
 -8.77893344e-02 -1.88823808e-02 -6.83964714e-02  1.30189985e-01
  2.47881159e-01  8.59822892e-03  4.75310832e-01  1.12141900e-01
 -1.30367577e-01  2.30462343e-01  1.48425549e-01  2.92104274e-01
  1.03162795e-01  9.14410427e-02 -2.92687535e-01 -4.75798547e-02
  2.95501620e-01  6.07176833e-02 -6.11097505e-03  8.12281370e-02
  1.44459322e-01 -1.52595654e-01  2.18629614e-02  1.11218520e-01
 -3.15476023e-02  8.44220966e-02 -3.72075886e-02  3.75949383e-01
 -1.69374421e-01 -1.71539783e-01 -6.38715684e-01 -1.57694593e-01
 -4.57461625e-02  1.45919874e-01 -1.06771916e-01 -5.32802224e-01
 -1.86541677e-01 -7.22642019e-02 -2.74879158e-01  3.10337871e-01
  1.68332219e-01 -4.43868013e-03  4.50951830e-02  2.21573152e-02
  6.71352074e-02 -2.00702384e-01 -8.49876378e-04 -7.62577429e-02
 -1.14953540e-01 -1.54762581e-01 -2.83950269e-02 -8.71047258e-01
  1.26571879e-01  1.79779530e-01 -1.95747808e-01  1.08822070e-01
 -1.43229738e-02 -4.02279139e-01 -1.33268714e-01 -2.50858098e-01
  1.00295180e-02  1.32599235e-01  2.72749495e-02 -3.46175581e-01
  1.26362324e-01  4.68986370e-02  3.95078026e-02  2.82826900e-01
  3.13669778e-02  3.46722215e-01  6.40867054e-02  7.85863847e-02
  5.88084795e-02 -3.43246043e-01  1.63733318e-01 -5.47864288e-02
 -3.49915028e-01 -1.91120282e-01 -3.33120018e-01 -1.92496255e-01
  1.02601811e-01 -9.52726752e-02 -2.83882260e-01  1.35053158e-01
  2.41896287e-01  1.70026109e-01  7.48587623e-02 -5.74704558e-02
  2.11865008e-01 -3.84161443e-01  1.77585244e-01 -2.25236416e-01
  1.07185682e-03 -7.84242339e-03  3.77847940e-01  1.16101719e-01
  9.57887173e-02 -1.33544967e-01  3.74155134e-01 -1.90614000e-01
 -1.38436466e-01 -9.00436565e-02  6.18721470e-02 -6.74961358e-02
  2.57816911e-01 -7.25115612e-02  7.42172599e-02  4.74535935e-02
  1.63171962e-01 -7.15179741e-02  1.91738039e-01 -6.14880361e-02
  2.40263566e-02 -2.48728767e-01 -5.73793650e-01  3.40438932e-01
  5.30082881e-01  6.02328889e-02  7.01116398e-02 -2.01506764e-01
 -7.71335512e-02 -1.87772363e-01  3.99444312e-01 -4.92148995e-02
 -1.89689517e-01  1.09746218e-01  1.93312436e-01 -8.63542594e-03
 -3.18974853e-01  8.14452395e-02 -1.55434478e-02 -8.11970979e-02
  3.23707581e-01  3.44990462e-01 -8.66543427e-02 -2.53242850e-01
 -1.09166130e-01 -1.05353147e-01  3.89950842e-01  3.15228641e-01
 -4.08372357e-02  4.36919570e-01  5.55128634e-01 -2.18475312e-01
  1.91137806e-01  1.05403997e-01  1.34901002e-01 -3.63498986e-01
 -4.32716720e-02  3.32343966e-01 -2.67664969e-01  4.09046501e-01
 -3.18008214e-01  5.05528033e-01 -8.20983723e-02  2.08403707e-01
 -7.28937313e-02 -1.51682824e-01 -4.60467376e-02 -1.44869294e-02
  1.66112691e-01 -1.46727443e-01  2.09962800e-01  2.42574111e-01
  9.01892707e-02  1.53001457e-01  9.40604731e-02 -2.02932402e-01
  2.65382007e-02  3.95646453e-01  2.71023601e-01  4.17984009e-01
 -8.42448473e-02 -3.28684211e-01  9.74271894e-02  2.85335511e-01
  1.61986098e-01  2.92148024e-01  2.31062695e-01  3.33933502e-01
  2.60594487e-01  4.16291714e-01  2.32938483e-01 -5.85732043e-01
 -4.38519090e-01  1.57523470e-03  5.16591311e-01 -2.55349636e-01
  8.90617594e-02  2.00363696e-02 -1.03191718e-01  4.92079183e-02
 -4.86314029e-01 -3.88613462e-01 -1.01854704e-01  2.31579438e-01
  1.10239320e-01  4.77170497e-02 -3.51753645e-02 -3.68417427e-03
 -8.22031647e-02 -2.72023678e-01 -1.28304705e-01 -2.79314995e-01
 -1.26193687e-01 -2.13121608e-01 -1.88599810e-01 -1.98274225e-01
 -2.09215209e-01 -1.54434472e-01  3.45375128e-02 -1.99847266e-01
  3.04263830e-01  7.41107836e-02 -1.64301261e-01 -2.38306984e-01
  1.11301549e-01 -7.02948794e-02  7.27217317e-01  1.57877542e-02
 -9.02873576e-02 -6.74976185e-02 -1.68467596e-01 -2.12621242e-02
  2.42677972e-01  1.04691699e-01  2.50337273e-01  3.28346759e-01
 -3.34344119e-01 -4.62760590e-02  1.51786327e-01 -8.55853111e-02
 -3.49154651e-01  7.24142492e-02 -2.20086768e-01 -1.99474812e-01
  1.68645173e-01  4.36591595e-01 -7.86678717e-02 -1.47789106e-01
 -3.66513461e-01 -2.18733415e-01  2.27888942e-01 -3.94448459e-01
 -4.54968512e-01 -2.73260713e-01  1.57072216e-01  3.09976730e-02
 -6.37506768e-02  1.98979929e-01 -1.68458343e-01  2.72986501e-01
 -1.79012477e-01  6.75045922e-02 -1.64389089e-01 -3.87258500e-01
 -4.31230292e-03  2.01509774e-01  3.02072495e-01  4.45886225e-01
  7.63541758e-02  5.64449012e-01  1.87149778e-01 -1.45276248e-01
  5.63949287e-01 -2.14641597e-02 -1.83341414e-01 -1.93006217e-01
 -2.79714018e-01 -2.28387728e-01 -2.60547996e-01 -7.30558038e-02
 -1.31627815e-02 -1.93143427e-01 -2.03707993e-01 -4.13518161e-01
 -2.37943724e-01 -2.77457654e-01 -4.66188826e-02  1.76638842e-01]"
237,model can provide a reliable reference for residents to travel the travel distance of shared bicycle is mainly 14km which is convenient and flexible and has the advantage that bus and car cant be replaced in short distance travel we should give full play to the advantages of sharing bicycle and combine the shared cycle system with conventional traffic brt and so on to assist public transport to complete the whole process of public transport vii suggestions for development in this paper taking shanghai as an example taking the data of sharing bicycles brushing card as the main data this paper discusses the characteristics of sharing bicycles travel along the city of haiti city carries out multidimensional characteristics analysis and operation evaluation and gives the operation and scheduling suggestions through the reform of the management process such as the comfort of the sharing bicycles the management of the card and so on it will provide the people with the humanized service and truly meet the users needs thus further improving the turnover rate of the sharing bicycles sharing bicycle enters the market with the concept of green and low carbon environmental protection according to the investigation in recent years the development of sharing bicycle enterprises has reached a bottleneck period and also increased the society it is difficult to be able to manage the public after explosive growth sharing bicycles should be found in time the problem is to focus on more refined management and green development thus becoming ripening period acknowledgment this work was supported by the xinmiao talents program of zhejiang province 2019r463009 references 1 castillomanzano j i castronuno m lopez val,"[-3.30328763e-01  2.37818405e-01  1.54011145e-01 -9.09296572e-02
  1.74745902e-01 -2.12333843e-01 -2.20842063e-01  2.59778351e-01
 -2.58260835e-02 -5.73045611e-01  2.17715636e-01 -1.74691245e-01
 -3.45732719e-02  8.31641853e-02 -2.59307414e-01  2.89442152e-01
  3.28908682e-01 -1.20152973e-01  5.65655390e-03  1.39554262e-01
  2.49039516e-01 -1.24477059e-01  2.73251921e-01  3.60953420e-01
  3.31452429e-01 -2.56727964e-01  2.92896684e-02  5.96499629e-02
 -8.73249024e-02 -1.62090376e-01  4.87653255e-01 -1.40648838e-02
 -1.37217849e-01 -1.33385181e-01  1.37544602e-01  9.08670649e-02
  5.94737707e-03 -1.63893715e-01 -5.56523204e-02  3.22066061e-02
 -2.75160909e-01  6.68022176e-03 -8.01917389e-02 -2.12314978e-01
 -3.52042526e-01 -3.13709944e-01  1.02695636e-01 -1.79557413e-01
  5.18222526e-02 -8.67834762e-02 -1.80355310e-01  1.87883854e-01
 -3.16094100e-01  1.28498346e-01  2.09452569e-01  3.90339315e-01
 -2.32329413e-01 -3.10517073e-01 -5.27615726e-01 -5.48455119e-02
  3.59570146e-01 -2.26283133e-01  2.55796194e-01 -2.22726241e-01
  2.06664935e-01 -1.24228030e-01  1.22741014e-01  1.70988917e-01
 -2.44792581e-01  7.85961188e-03 -3.66144866e-01  2.32935436e-02
 -3.54181141e-01  1.84695274e-01 -4.94820207e-01  9.88578424e-03
 -1.72089949e-01  3.35765630e-01  2.05004722e-01 -1.47284597e-01
 -8.29375386e-02  3.49238515e-01 -3.93004566e-01  3.46178144e-01
  2.98693348e-02  2.26964995e-01  2.73890764e-01  3.35677147e-01
 -5.11831582e-01  2.69710124e-01  3.53920132e-01 -1.94253445e-01
  1.85886219e-01  2.50365268e-02  2.12216288e-01  1.49871275e-01
  1.62548929e-01  1.48546938e-02 -1.28946528e-01  3.11567277e-01
  1.18396379e-01  1.88821718e-01 -6.73054829e-02 -2.30383556e-02
  1.29345849e-01 -2.81040639e-01  5.79387471e-02  4.05348390e-01
  3.17579284e-02  1.00326143e-01  4.49843496e-01 -7.10319057e-02
 -4.54312950e-01 -3.33788186e-01  7.27536976e-02  1.58309028e-01
  2.41561487e-01 -1.79863367e-02  7.33813569e-02  3.35713536e-01
  2.07198560e-02  2.24485006e-02  1.15554310e-01  5.51502407e-01
  1.97612029e-02 -4.53694686e-02 -3.16808254e-01  1.60320759e-01
 -9.84700620e-02  3.84063385e-02  2.79858746e-02  2.75582612e-01
 -2.10449174e-01 -3.36378455e-01 -9.83240232e-02  1.57913268e-01
 -1.74754083e-01 -2.03496024e-01 -2.81431764e-01  1.85131386e-01
 -1.21099740e-01 -1.84822142e-01  4.75765795e-01  5.56674451e-02
  1.11150026e-01  4.78794537e-02 -8.02959874e-03 -2.64190704e-01
 -1.48049310e-01  3.11069608e-01  5.57684824e-02  3.99672128e-02
 -2.16542229e-01 -4.34517153e-02 -4.16258425e-02 -4.65737991e-02
 -5.29886186e-01  1.57044023e-01 -3.76035959e-01  3.02895475e-02
  2.03993246e-01  7.98343867e-02 -1.07339174e-01 -2.39742845e-02
  2.86109954e-01 -1.60450578e-01  7.05502629e-02  4.82619375e-01
 -2.32792288e-01 -1.03137828e-01 -2.29617208e-02 -1.95031449e-01
  4.01048124e-01 -7.01672062e-02  5.33395827e-01 -1.14031017e-01
  2.97823548e-01 -8.83640125e-02 -2.95806639e-02  2.14529857e-01
 -4.49439496e-01  3.92818481e-01 -1.22674659e-01  1.78182825e-01
  2.41217270e-01 -2.62654483e-01  2.40375444e-01  1.32661641e-01
  2.68611193e-01 -5.03121279e-02 -4.32658553e-01  7.07840249e-02
 -1.17593743e-01  1.15360189e-02  3.93025726e-01 -3.45500857e-01
  3.87293100e-02  3.74582559e-02 -3.35083216e-01 -1.01600647e-01
  1.03745192e-01  4.36532609e-02  4.88561243e-02  2.56584853e-01
 -2.37127885e-01 -5.08935332e-01  2.89258271e-01 -2.75556773e-01
 -1.09406486e-01  7.67864436e-02  2.13314697e-01  1.81332663e-01
  1.82723045e-01 -2.20844299e-01  2.94723995e-02 -1.14261270e-01
  1.24502108e-01  2.48766050e-01  2.37894490e-01  1.91119742e-02
 -1.41025111e-01  9.48562250e-02 -3.50966543e-01  5.84560215e-01
  1.40958130e-01  3.04126799e-01  3.59845787e-01 -7.28065073e-01
  2.57239640e-01  3.16936702e-01  3.54507938e-02 -4.57794249e-01
  4.67701107e-01 -2.09349826e-01 -2.19942987e-01 -2.54199132e-02
 -1.75456062e-01 -1.64056644e-01  1.74896821e-01 -3.57380062e-01
 -3.32863659e-01  3.00022691e-01  1.00293182e-01  1.52654517e-02
 -4.67813946e-02 -1.22977868e-01 -3.45722049e-01 -8.85668471e-02
 -1.84610888e-01 -3.27189445e-01 -4.23265219e-01  1.88533030e-03
  1.25314742e-01 -4.28242147e-01 -5.99062927e-02 -4.08222795e-01
  4.63117585e-02 -4.74787146e-01  7.49565363e-02 -3.05360667e-02
  1.02990255e-01  5.75345941e-02 -4.92997169e-02 -1.43049106e-01
 -2.10710213e-01 -4.75505739e-01 -5.43049313e-02  2.45053351e-01
  4.73432168e-02  2.40864009e-01  1.07409909e-01 -8.80348608e-02
 -6.08804338e-02  4.55413461e-01 -3.31299871e-01  7.57217268e-03
  4.60347861e-01  2.80290425e-01 -1.38707891e-01 -1.49245307e-01
  6.50258884e-02  3.06345373e-01  5.41429259e-02  3.67475748e-02
  1.40258402e-01 -3.72667760e-01  3.22227895e-01  2.05790419e-02
 -1.76179811e-01 -1.03542328e-01  8.29585362e-03  9.03558210e-02
 -2.55111575e-01 -5.20394862e-01  2.95460552e-01  3.10259312e-01
  2.43442431e-02  1.72914594e-01  2.87713557e-01 -9.06746164e-02
 -2.44826972e-01 -1.54463455e-01  3.01145464e-01  3.18230420e-01
 -2.75155455e-02  6.18369803e-02 -2.56407529e-01 -1.55064836e-01
 -5.11900520e+00  1.08975125e-02  1.83774903e-01 -1.99276999e-01
  1.12379521e-01 -6.68190653e-03  1.85213298e-01  1.30822910e-02
 -9.56746265e-02  1.56353824e-02 -1.02508724e-01 -2.62816697e-01
  2.61628151e-01  4.94251102e-01  4.39757742e-02  1.22245913e-02
  7.59132951e-02 -9.57520213e-03 -9.46821496e-02  3.31813395e-01
 -1.58570614e-02 -4.79675442e-01  5.05192764e-02  3.15468311e-02
  1.24500349e-01  1.76817328e-02 -2.65133590e-01 -1.37867644e-01
 -3.69402826e-01 -6.17059693e-02  3.27950805e-01 -1.88629478e-01
  1.45071641e-01  1.65158752e-02  1.46020293e-01  1.53992951e-01
  2.43905187e-01 -1.32682532e-01 -2.81958207e-02 -4.09625769e-01
 -6.30417839e-02 -5.39313734e-01 -6.66343644e-02 -1.93058532e-02
  5.95251262e-01  1.43416524e-01  1.32577464e-01  1.64450794e-01
  1.21718151e-02  4.46082540e-02  3.07472020e-01  1.15803825e-02
 -2.89709479e-01 -3.71939600e-01 -1.35839894e-01  5.51039763e-02
  4.62174982e-01  1.54392079e-01 -9.61349458e-02 -3.90389770e-01
  5.72455972e-02  7.42087513e-02 -4.70285952e-01 -1.35408506e-01
  7.23480526e-03 -2.10405216e-01 -4.04024780e-01  7.29978457e-02
 -3.11250463e-02 -1.06166396e-02 -4.22303304e-02  5.78028142e-01
 -3.09127390e-01 -1.08160093e-01 -9.16756690e-02 -4.34043527e-01
  2.12614864e-01 -9.45318714e-02  2.74316460e-01  5.99515773e-02
 -3.59291792e-01 -3.10272455e-01  6.74294159e-02  1.28117636e-01
 -2.99640335e-02 -1.06402775e-02  1.12371549e-01 -1.55039310e-01
 -5.49555421e-01 -4.12225842e-01  3.66972119e-01 -1.98827147e-01
  1.48753762e-01  1.47034407e-01  4.06141788e-01  1.69091672e-01
  1.48998260e-01 -1.85791105e-01  6.27327291e-03 -4.61366206e-01
  3.52776796e-01  1.88244686e-01  3.27972919e-01 -2.45775938e-01
  1.46676600e-01 -1.28245473e-01 -1.96692757e-02 -1.45007297e-03
  2.78727591e-01 -2.02602968e-01  1.39850080e-01 -3.79955798e-01
  3.52878064e-01 -5.33210695e-01 -3.26429941e-02  1.00572474e-01
  1.18349548e-02  3.25013489e-01  9.26459134e-02 -2.05425575e-01
 -2.74886429e-01  5.16405761e-01 -3.28439146e-01 -2.22518876e-01
 -3.91504854e-01  2.18907118e-01 -2.64250308e-01  3.31570029e-01
  1.89947054e-01 -5.78767136e-02 -2.77713209e-01 -1.49205178e-01
 -5.55722602e-02  2.28465900e-01  1.83347747e-01  3.86613375e-03
 -1.00105315e-01 -3.58849764e-01  8.90754387e-02  1.47901043e-01
 -5.12047894e-02  2.29040682e-01 -1.07899211e-01 -5.12583144e-02
  5.49629070e-02  1.67642444e-01 -2.75808811e-01  4.54087257e-02
 -2.48286188e-01 -9.76351276e-02 -3.34684938e-01 -4.31670725e-01
 -2.97411114e-01 -1.10503823e-01  1.78804696e-01  6.90394118e-02
 -4.01064241e-03 -1.41684547e-01 -1.28578302e-02 -3.77554983e-01
  2.64332324e-01  2.29613826e-01  1.33054689e-01  4.33530927e-01
 -2.50731498e-01  5.75570345e-01  4.96872105e-02 -3.57832491e-01
  3.70130278e-02  1.22219503e-01 -2.50510275e-01 -2.89015800e-01
 -2.39835948e-01 -1.23748459e-01  8.25880654e-03  6.27381086e-01
  2.44647518e-01 -1.66083649e-01 -4.63246107e-01  3.34507048e-01
 -2.32064128e-01 -1.36656836e-01 -1.26101017e-01  1.76788896e-01
  2.64281720e-01  7.54717067e-02  5.96495211e-01 -1.43600643e-01
 -1.45112127e-01  3.07304293e-01  1.61704689e-01  2.06030115e-01
  1.22539811e-01  1.97412983e-01 -5.79898246e-02 -2.21659139e-01
  3.88930500e-01  2.27459464e-02 -5.12184165e-02  1.85955927e-01
  1.46889627e-01 -1.00626618e-01  2.24931791e-01  8.45989212e-02
 -1.52343631e-01 -7.68268779e-02 -2.90484875e-02  9.67093408e-02
 -6.11651093e-02 -7.93369561e-02 -6.31447852e-01 -2.85118550e-01
 -2.86154926e-01  7.16708601e-02  9.94513184e-02 -6.05487287e-01
 -3.68844643e-02 -9.23836697e-03 -5.41917443e-01  2.80127883e-01
  2.21788585e-01 -1.07532524e-01  5.90517297e-02 -1.41281992e-01
 -1.72332898e-01 -2.90324599e-01  2.54419059e-01 -5.31280003e-02
 -1.95723046e-02 -6.21159300e-02  3.61750424e-02 -7.42959678e-01
  2.88767993e-01  1.07153043e-01 -4.01014686e-01  2.63888955e-01
 -5.85595444e-02 -4.47452039e-01 -5.37566934e-03  2.11273804e-02
 -2.70009995e-01  5.05275615e-02 -8.68408978e-02 -5.34688592e-01
 -5.41650280e-02 -4.30338550e-03  9.65517852e-03  5.15305221e-01
 -1.89286768e-01  5.08657396e-01  1.03494264e-01  9.18627456e-02
  2.74913520e-01 -4.07986581e-01 -6.19329661e-02 -2.47659758e-01
 -4.93221581e-01 -2.93305726e-04 -1.41720816e-01 -2.13653311e-01
 -1.40266325e-02 -6.42784536e-02 -2.98334211e-01 -9.72878858e-02
  2.60899723e-01 -7.91992620e-02 -3.90325338e-02 -1.23060923e-02
  9.11047012e-02 -4.27208543e-01  3.11012268e-01 -3.80730629e-01
 -5.11970632e-02 -1.60717562e-01  2.62167215e-01  6.19161613e-02
 -2.27252557e-03 -7.60319903e-02  4.98281926e-01 -1.84987083e-01
 -2.17389762e-01 -9.41812340e-03  1.38244912e-01 -7.91904926e-02
  1.56736106e-01 -1.67237759e-01  3.96373384e-02  2.08833903e-01
  2.32169628e-01 -1.18382186e-01  4.04525191e-01 -1.65241793e-01
 -2.32297212e-01 -9.74176824e-02 -3.29818726e-01  3.46629232e-01
  4.89359438e-01  1.39613107e-01  2.34108478e-01 -2.00799197e-01
 -4.80505526e-02 -2.55151123e-01  3.48213494e-01 -6.98188394e-02
 -2.56885201e-01  2.06181809e-01  2.50843644e-01 -7.41354525e-02
 -2.85275787e-01  2.61778176e-01  7.97631741e-02 -2.09335402e-01
  3.38928729e-01  4.02695149e-01 -1.23585053e-01 -3.07840258e-01
 -9.29197818e-02  5.50175272e-02  2.81725109e-01  1.61484122e-01
  2.40825973e-02  1.14733979e-01  2.97664195e-01 -3.11687261e-01
  1.24106243e-01  7.89737925e-02 -1.52807698e-01 -3.25198233e-01
 -1.14076093e-01  2.99743682e-01 -9.92649719e-02  3.49598259e-01
 -2.02641204e-01  3.81709307e-01  1.36677921e-01  1.29337803e-01
 -1.54351771e-01 -2.67227530e-01  4.52195928e-02  2.74185017e-02
  3.05113077e-01 -1.80009305e-02  3.00791621e-01  3.16450298e-01
  3.37317705e-01  2.32858300e-01  1.79132670e-01 -2.05365926e-01
  2.70418614e-01  3.01239997e-01  2.21574813e-01  4.65438634e-01
 -4.25754860e-03 -2.21578524e-01  1.86466932e-01  2.58429140e-01
  7.95795396e-03  3.08392107e-01 -1.05778746e-01  4.29479837e-01
  3.75934094e-01  3.68188977e-01  1.15397863e-01 -5.74367464e-01
 -2.25348666e-01  2.02025071e-01  3.89617741e-01 -2.04415753e-01
 -1.66753337e-01  1.10109918e-01 -9.60031673e-02 -1.63603410e-01
 -4.06878293e-01 -3.96307528e-01 -1.69725358e-01  2.15825379e-01
  4.17755321e-02 -1.98851779e-01 -2.38461401e-02  1.10023573e-01
  1.09841891e-01 -1.87392130e-01 -1.43878862e-01 -2.99864262e-01
 -7.95311406e-02 -2.18768746e-01 -2.15396777e-01 -1.71418786e-01
 -1.31250009e-01 -2.82397777e-01 -9.40451324e-02 -1.58055604e-01
  7.69695640e-02  9.41382721e-02 -2.73636490e-01 -2.55170733e-01
  1.83985382e-01  5.91057725e-02  6.98401511e-01  6.65387437e-02
 -2.18114808e-01 -2.44050622e-01 -4.13134657e-02 -1.52585283e-01
  3.26959640e-01  4.08224314e-02  5.00236712e-02  4.03895348e-01
 -1.71050340e-01  4.07377258e-02  2.84460872e-01  1.38793662e-01
 -4.97361302e-01  3.08114946e-01 -3.05095576e-02  7.06119556e-03
 -6.84551075e-02  5.20700276e-01 -1.58757001e-01 -6.42196685e-02
 -2.95508206e-01 -2.27436751e-01 -2.40748711e-02 -3.69337499e-01
 -2.31062412e-01 -3.52353781e-01  4.05120756e-03  1.89047068e-01
 -2.25038975e-02  1.67928800e-01 -1.48888528e-01  1.90951571e-01
  5.00679715e-03  8.11883211e-02 -1.62478328e-01  7.66465813e-02
 -1.43922850e-01  1.23907015e-01  1.76665246e-01  5.55609524e-01
  2.50359386e-01  4.63721097e-01  2.32746556e-01  1.72848970e-01
  4.31360155e-01 -3.06602597e-01 -8.13882574e-02  5.45974411e-02
 -1.84889942e-01 -2.70371526e-01 -1.29328310e-01  6.30315989e-02
  1.99361578e-01 -1.28006727e-01 -1.68962210e-01 -3.94936889e-01
 -2.61442721e-01 -3.19215626e-01 -1.36559650e-01 -1.12844795e-01]"
619,r2 and evar of the proposed multivariate tcngru model in this paper were improved by at least 00023 and 00024 respectively and the medae mae and rmse decreased by at least 27674 7026 and 1055 respectively compared with uni variate forecasting models at the same time the r2 and evar values of this model im figure 14 fitting curve for bikesharing demand data prediction 5 discussion in recent years bikesharing has become an important way for people to travel in an environmentally conscious way however this freeform development mode has gradually revealed many problems such as overplacement the serious waste of public resources and excessive growth causing huge costs for urban management the phenomenon of the indiscriminate parking of bikesharing vehicles has led to a large number of public resources such as subway station entrances bus stops bicycle lanes and pedestrian lanes being occupied the surge in the number of shared bicycles not only affects the cityscape but also affects the safety of other public transportation the uneven distribution of bicycles makes it difficult to meet the volatile users travel demands these problems are new challenges for urban transportation managers to address the above problems we took advantage of the fitting of deep learning models on nonlinear and nonsmooth sample data and we used tcn and gru models for bikesharing demand prediction on the data set combining the models with the principle of the minimum error sum of squares the hybrid model improved the prediction accuracy reduced the error and effectively avoided the overfitting phenomenon the experiments,"[-2.39320368e-01  2.57175326e-01  2.07727388e-01  3.30887698e-02
 -8.54537785e-02 -4.81180772e-02 -8.59600604e-02  8.14304966e-03
 -7.33587965e-02 -4.96533155e-01  1.39581472e-01 -2.34505534e-01
 -3.17913443e-01  1.66429222e-01 -1.06851272e-01  3.81083488e-01
  1.23249292e-01 -1.00856416e-01 -1.19371973e-01  1.39383599e-01
  4.85023648e-01 -1.08036183e-01  3.22900832e-01  3.68127942e-01
  2.80505657e-01 -1.46041796e-01 -1.62765309e-02  5.49562201e-02
 -2.17817307e-01  1.09949045e-01  5.08571804e-01 -1.04331829e-01
 -1.99274391e-01  1.18007530e-02  1.66128069e-01  1.69992134e-01
  2.96891779e-02 -2.70152986e-01 -2.73206290e-02  1.21125259e-01
 -1.00039914e-01 -2.80693322e-01  6.71232492e-02 -2.58037776e-01
 -5.00177741e-01 -2.60252535e-01  1.39019802e-01 -3.68212759e-01
  9.48875118e-03 -2.31926352e-01 -4.03623849e-01  2.39407226e-01
 -1.55519783e-01  2.00757146e-01  1.64297104e-01  4.07382935e-01
 -2.08191916e-01 -4.46341902e-01 -3.68841171e-01 -3.04919541e-01
  4.26750392e-01 -3.80939245e-01  2.47682527e-01 -1.90740198e-01
  7.27082714e-02 -1.58326834e-01  4.70182560e-02  2.31925666e-01
 -3.39281023e-01 -6.19905740e-02 -3.62000436e-01  8.90871584e-02
 -4.82917875e-01  1.09236121e-01 -5.21286130e-01 -1.36474390e-02
 -6.92311525e-02  3.82192135e-01  8.01073164e-02 -1.02102533e-01
  3.77535098e-03  2.13855565e-01 -3.00174564e-01  4.12124366e-01
  2.39352793e-01  1.77241191e-01  1.82079032e-01  3.81506681e-01
 -3.21001559e-01  1.50026530e-01  2.75667667e-01 -7.83788189e-02
  2.61913508e-01  6.12254962e-02  3.65880966e-01  1.59299493e-01
  1.31990081e-02 -1.56995267e-01 -6.70966059e-02  2.65059978e-01
  7.62612373e-02 -4.95321639e-02 -7.42084980e-02 -1.33223727e-01
  5.93238622e-02 -4.37661141e-01  7.44997859e-02  5.09621561e-01
  1.73363909e-01  2.95016095e-02  3.68963301e-01  1.28178410e-02
 -4.13694650e-01 -3.89040470e-01  1.57550238e-02  7.79440179e-02
  1.21672794e-01  1.94101632e-01  1.49904102e-01  2.69484103e-01
  4.80950624e-02  3.37483525e-01  1.84464946e-01  6.64914966e-01
 -1.47708515e-02  7.70340189e-02 -3.66437018e-01  1.53705537e-01
  4.64433013e-03  6.72733784e-02  7.32740834e-02  3.49003553e-01
 -2.29736771e-02 -3.33187938e-01 -3.95582058e-02 -4.80771698e-02
 -5.00963509e-01 -9.45041701e-02 -3.25094908e-01 -2.66489796e-02
 -2.39188135e-01 -2.33767375e-01  5.90512812e-01 -1.37646804e-02
  1.55364648e-01 -1.20766480e-02 -2.77187794e-01 -1.65648848e-01
 -1.65090695e-01  3.65433604e-01 -4.58682813e-02  5.96167110e-02
 -1.70313612e-01 -2.86100358e-02 -1.88091826e-02  1.64672211e-01
 -4.45611507e-01  1.00061528e-01 -2.68497616e-01  2.63895273e-01
  2.58172363e-01  1.26733124e-01 -1.84132680e-01  5.17979711e-02
  1.29927814e-01 -3.86618197e-01  2.45944504e-02  5.28246284e-01
 -1.34702563e-01 -2.23391596e-02 -2.00235948e-01 -2.85986722e-01
  4.42492574e-01  1.31388381e-02  2.80388206e-01 -1.88268736e-01
  1.01732112e-01 -2.62835473e-01  1.87098458e-01  1.31126016e-01
 -3.67343038e-01  3.54875952e-01 -6.98696775e-03  1.87846497e-01
  1.18472084e-01 -2.03019872e-01  4.27087009e-01 -1.15685984e-01
  2.51044959e-01 -5.06569399e-03 -3.29416305e-01  2.16892287e-01
 -9.77538452e-02  1.01274513e-01  4.10348147e-01 -2.62439221e-01
 -6.99436814e-02  5.33931814e-02 -4.75334674e-01 -4.88402471e-02
 -4.60251467e-03  1.01619184e-01  1.82605162e-01  1.45315483e-01
 -1.61126673e-01 -5.50011218e-01  2.80864835e-02 -1.25059560e-01
 -1.94405109e-01 -1.17522273e-02  2.32617110e-01  1.35578632e-01
  1.13748319e-01 -1.22790501e-01  2.27506459e-01 -7.96411112e-02
 -1.05644293e-01  2.73901075e-01  2.17894182e-01  8.32118839e-02
 -8.76106471e-02 -2.52175368e-02 -4.35714781e-01  5.13945520e-01
  5.08879684e-02  3.17625850e-01  4.71180409e-01 -6.48487628e-01
  5.77662766e-01  2.32708484e-01  1.89272240e-01 -4.21026260e-01
  4.75330800e-01 -1.10721372e-01 -2.02392265e-01 -1.06841065e-01
  2.44010836e-02 -2.23216210e-02  2.53565431e-01 -3.32947552e-01
 -2.85630465e-01  6.25725925e-01  1.08329594e-01  4.00268808e-02
 -1.66754812e-01 -2.38121897e-01 -2.31173500e-01 -2.19001740e-01
 -2.59239346e-01 -3.25743556e-01 -3.46632659e-01  1.73626050e-01
  7.78538510e-02 -2.38175452e-01  1.48517042e-01 -3.56948912e-01
  2.22428702e-02 -6.43678427e-01  3.55105735e-02  3.20661068e-02
 -1.19664092e-02 -3.91128212e-02 -4.39114496e-02 -3.00352335e-01
 -1.93378195e-01 -5.45473158e-01 -1.61206201e-01  3.44154447e-01
  1.42236620e-01  2.20434591e-01  2.03291669e-01 -8.20252392e-03
  4.15486004e-03  3.42974067e-01 -1.93201095e-01 -2.01064065e-01
  2.49137923e-01  8.42567608e-02 -1.90671891e-01 -1.26802176e-01
 -2.11430322e-02  3.47072989e-01  2.64396340e-01  4.55215434e-03
 -6.74755797e-02 -1.33085951e-01  3.34889829e-01  3.11747100e-02
 -1.62381530e-01 -9.13281143e-02  1.40749216e-01  2.02567354e-01
 -3.04210395e-01 -4.60767210e-01  2.87519872e-01  2.05637619e-01
  6.07648417e-02  1.70837328e-01  3.34256530e-01 -1.14572629e-01
 -3.12191159e-01 -1.48984656e-01  1.74904227e-01  2.78946012e-01
 -2.48194784e-01 -4.52071242e-02 -4.01017040e-01 -8.40556920e-02
 -5.17131710e+00  9.23658013e-02  2.37139210e-01 -1.69589341e-01
  1.51410997e-01  6.16320856e-02  1.32655203e-01  6.36041537e-02
 -1.66260347e-01  6.04768991e-02 -4.24528159e-02 -2.54527271e-01
 -4.84355539e-02  4.90008175e-01  1.11861467e-01 -1.11576080e-01
  2.81110227e-01 -2.66987327e-02 -8.71746056e-03  5.21874189e-01
  1.87654391e-01 -4.57904100e-01 -1.19739749e-01  7.25745335e-02
  2.00580750e-02  2.26687446e-01 -7.76927993e-02 -1.71318442e-01
 -4.06781971e-01 -3.17969285e-02  3.68397355e-01 -2.41599396e-01
  6.12808019e-02  3.18320654e-02  1.40884578e-01  2.20878959e-01
  2.20211178e-01 -2.65637279e-01  1.80835500e-01 -3.56358141e-01
 -5.86101599e-02 -6.52164280e-01  1.27492294e-01 -1.91152230e-01
  5.86675346e-01  3.97801660e-02 -1.03706196e-01  2.29808524e-01
  1.33832963e-02 -1.51599599e-02  2.85011113e-01  4.44708131e-02
 -2.00632960e-01 -1.68877080e-01 -1.77208215e-01 -7.17839878e-03
  2.45311633e-01  3.18590969e-01  8.64359289e-02 -2.57355750e-01
  2.30249435e-01 -1.38131632e-02 -5.24173558e-01 -2.03993142e-01
 -1.53442308e-01 -1.01509206e-01 -3.93010944e-01  9.39710960e-02
 -4.81314473e-02 -3.70084420e-02 -2.57914722e-01  4.99952912e-01
 -1.66016549e-01 -1.77548587e-01 -1.17711566e-01 -4.59272563e-01
  2.09801316e-01 -1.61068037e-01  2.65731245e-01  4.78808135e-02
 -4.29045111e-01 -4.47919220e-01  1.71601772e-02  2.24251905e-03
 -1.21681020e-01 -2.39544243e-01 -2.52959579e-01 -1.10307068e-01
 -2.84325242e-01 -3.30292076e-01  3.23967695e-01 -4.93308492e-02
  3.44169699e-02  1.90696508e-01  4.40717727e-01  1.08462803e-01
  1.82797566e-01 -2.34660089e-01  9.75629408e-03 -2.10463166e-01
  1.57991394e-01 -8.63160416e-02  3.68069768e-01 -1.74419820e-01
  1.91570237e-01 -1.42530695e-01  3.43851093e-03  6.77543804e-02
  2.53371388e-01 -1.70383416e-02  5.14974706e-02 -4.08034176e-01
  2.05240518e-01 -5.60457110e-01  4.53411154e-02  1.20377615e-01
 -9.48762894e-02  4.65545207e-01  2.79947847e-01 -2.78115332e-01
 -3.56038511e-01  4.87030119e-01 -4.71183121e-01 -2.49914706e-01
 -2.14577973e-01  4.26375568e-01 -1.30999088e-01  2.45367005e-01
  1.81843132e-01 -1.68837383e-01 -4.87498462e-01 -1.81216598e-01
 -1.37224197e-01  3.44460577e-01  2.65440702e-01 -2.48221412e-01
  6.54497370e-02 -1.54403582e-01 -5.99837638e-02  2.96396576e-02
  7.16393664e-02  2.14159653e-01 -2.34266967e-01 -6.34292066e-02
  4.14756760e-02  3.42766315e-01 -8.33645090e-02 -4.65314873e-02
 -1.44387618e-01 -1.47523761e-01 -3.01376432e-01 -4.37431037e-01
 -1.39388755e-01 -2.39971057e-01  3.01049918e-01 -5.50068356e-02
  1.17400974e-01 -9.91259739e-02 -9.26561058e-02 -4.00162756e-01
  3.85000050e-01  1.24636777e-01  7.63215199e-02  5.03180146e-01
 -4.30775106e-01  5.52225232e-01  5.40475100e-02 -1.40088335e-01
  9.06194896e-02  1.88501358e-01 -3.34184378e-01 -2.30668589e-01
 -2.61864960e-01 -1.22324400e-01 -5.13226201e-04  7.38465369e-01
  3.39120865e-01 -3.43537837e-01 -4.34203953e-01  2.40295187e-01
 -2.29746655e-01 -6.43177032e-02  7.18742460e-02  1.74479619e-01
  3.40278327e-01  4.31878716e-02  2.57585019e-01  6.15908690e-02
 -1.45650566e-01  2.03404367e-01  1.39514521e-01  2.93692827e-01
  1.24073386e-01  1.18480392e-01 -1.53009981e-01 -1.13648757e-01
  3.24071795e-01  1.80077836e-01 -1.13038383e-01  1.23137549e-01
  1.84281558e-01 -1.51312664e-01 -2.61010751e-02  2.17613634e-02
 -1.19128458e-01 -5.18021770e-02 -7.79643143e-03  2.80200243e-01
 -5.50248288e-02 -1.44628316e-01 -6.16080821e-01 -1.86437964e-01
 -3.29901487e-01 -3.06077730e-02 -1.85543776e-01 -4.70581919e-01
 -1.19911348e-02  6.29506335e-02 -4.79764342e-01  1.71718717e-01
  7.37153590e-02 -6.39957488e-02 -5.19697592e-02 -9.06547084e-02
 -8.41022208e-02 -3.06494117e-01 -2.48704869e-02 -1.26666248e-01
 -3.52990925e-02 -1.56200275e-01  4.06379625e-02 -7.28936672e-01
  1.62267357e-01  1.55066296e-01 -3.44889313e-01  2.11415470e-01
  2.20588241e-02 -3.63932610e-01 -1.27410963e-01 -1.74084753e-01
 -1.64730296e-01  1.14762880e-01 -1.22264884e-01 -5.01979291e-01
  2.37394005e-01  1.34566566e-02 -7.22602233e-02  4.29192513e-01
 -5.47656119e-02  3.33723873e-01  3.52417976e-02  1.69561699e-01
  2.49963224e-01 -4.18209523e-01  5.27318334e-03  1.00162737e-02
 -3.55868459e-01 -1.35659441e-01 -9.80808735e-02 -2.39473477e-01
  1.11164629e-01  1.01750173e-01 -2.70510823e-01  2.76674423e-02
  2.28472874e-01  1.12803869e-01 -1.91362947e-02 -7.54622743e-02
  2.01074481e-01 -2.41661206e-01  3.68384540e-01 -2.85531849e-01
  1.73400007e-02 -1.59111574e-01  3.62427533e-01 -4.16075587e-02
 -7.73693621e-02 -1.68791205e-01  5.55861533e-01 -2.02797413e-01
 -1.29813045e-01 -5.15026897e-02  2.68004447e-01 -1.20164372e-01
  1.99093908e-01  3.69901396e-02  1.25233352e-01  1.79139793e-01
  9.27538797e-02 -1.16078161e-01  2.49211788e-01 -5.63145243e-02
 -9.56933275e-02 -1.81227297e-01 -5.03164887e-01  3.61118048e-01
  4.99291331e-01 -3.79184037e-02  9.72338766e-02 -4.60992128e-01
 -1.33833095e-01 -1.15105987e-01  3.02691221e-01  3.00337989e-02
 -1.37892619e-01  2.19018027e-01  4.68217403e-01  3.11490986e-02
 -2.65469253e-01 -9.57684219e-02 -1.77669048e-01 -1.09202400e-01
  2.48686627e-01  4.37981069e-01  9.00318027e-02 -3.54372352e-01
  1.24557491e-03 -9.18699503e-02  4.87093806e-01  2.28676498e-01
 -5.66335805e-02  2.58863270e-01  5.08517563e-01 -3.86360019e-01
  1.72379166e-01  1.73505798e-01  7.25734979e-02 -3.39701682e-01
 -3.77359726e-02  3.12041283e-01 -1.67883039e-01  4.77349102e-01
 -3.41423839e-01  2.63602436e-01  5.01295142e-02  1.64434791e-01
 -1.79217234e-01 -1.69252574e-01  1.08239464e-01 -1.25711113e-01
  2.27133125e-01 -2.10056975e-01  4.36177365e-02  3.92786264e-01
  2.23379269e-01  3.74980778e-01  9.38522257e-03 -2.33716860e-01
  1.12773307e-01  3.97321343e-01  9.80841964e-02  5.61377108e-01
 -2.38018692e-01 -2.47324884e-01  1.73584208e-01  2.41110966e-01
  1.09423168e-01  2.49788150e-01  1.74037114e-01  4.27038074e-01
  3.43718827e-01  5.07527947e-01  2.37765074e-01 -5.54156601e-01
 -4.81033981e-01  1.11589126e-01  5.40102005e-01 -1.04452722e-01
 -1.26926526e-01  4.65490557e-02 -5.24891615e-02 -4.97875921e-02
 -5.19020796e-01 -4.78467971e-01 -2.40462855e-01  2.61438698e-01
  9.14535746e-02 -1.02484271e-01 -6.86294436e-02 -1.73633061e-02
 -7.59595726e-03 -2.90653676e-01 -4.76320125e-02 -1.93971545e-01
 -8.13866332e-02 -2.84033865e-01 -1.96665108e-01 -1.50122836e-01
 -1.06473505e-01 -9.69623923e-02  1.71790451e-01 -1.60822272e-01
  3.40223789e-01  1.09394521e-01 -3.07063848e-01 -1.78338140e-01
  8.58853534e-02 -6.98275573e-04  6.05307996e-01  1.07338026e-01
 -2.85710022e-02 -5.13603427e-02 -1.73418090e-01 -7.00827315e-02
  1.53939113e-01  1.09204657e-01  2.04303950e-01  5.02682269e-01
 -2.54303247e-01  1.75353773e-02  1.12498231e-01 -9.86855924e-02
 -3.80411953e-01  2.29152381e-01 -2.23898336e-01 -2.11360201e-01
  1.18091941e-01  4.75524992e-01 -1.26395240e-01  4.41907309e-02
 -4.29801494e-01 -2.40701631e-01  1.51717469e-01 -4.13274169e-01
 -3.22474450e-01 -2.71180451e-01  2.22118311e-02 -5.34178652e-02
 -1.56573746e-02  2.75292486e-01 -1.79532424e-01  3.90777498e-01
 -7.40984976e-02  1.98733672e-01 -2.65162766e-01 -1.44704387e-01
  3.69605832e-02  3.22443962e-01  2.03036547e-01  5.13385475e-01
  2.14444906e-01  5.89888394e-01  1.87005699e-01  9.29996073e-02
  3.74990940e-01 -2.97127310e-02 -2.04915956e-01 -1.61516875e-01
 -8.46585166e-03 -1.68983728e-01 -1.93103388e-01 -4.10173051e-02
  1.89269409e-02 -2.54834026e-01 -3.00879449e-01 -4.52767432e-01
 -2.22052306e-01 -2.48318732e-01 -5.32418713e-02  7.60871619e-02]"
892,tasked with overseeing bikeshare inclusion and equity efforts relay also staffs an ambassador program in which volunteers go out into their communities to talk with residents about bikeshare staff tables at community events to help residents become relay members organize community rides and promote the system on social media clearly committed to community engagement from the outset atlantas bikeshare system is a model for inclusive bikeshare 53 ensuring equity by reducing barriers to entry one of the most significant outcomes of a bikeshare system is getting more people excited about and comfortable with biking as a mode of transportation both prior to and following the launch of a bikeshare system the city should consider potential barriers to entry that may arise from how the system is designed and operated efforts should be made to reduce these barriers in order to expand the overall ridership base below is a list of common barriers to entry and suggested approaches to limit their impacts dangerous roads feeling uncomfortable riding in traffic is a commonly cited barrier to entry for many interested bike riders this extends to bikeshare riders as well especially visitors to the city who may not be as familiar with the road network or where existing bike lanes are located as discussed in section 43 cities should explore the potential to integrate bikeshare into existing cycling infrastructurelike siting stations adjacent to protected lanesor to use trip data collected from gpsenabled bikes to prioritize building new bike lanes along popular routes priority should also be placed on creating a connected network of bike lanes that connect traditionally underserved communities to job centers transit stations,"[-1.04229689e-01  3.52221400e-01  1.40860468e-01 -2.38452498e-02
  2.35496517e-02 -1.74147055e-01 -9.87647399e-02  1.00048497e-01
 -6.67638704e-02 -4.26137090e-01  9.27984715e-02 -3.94131482e-01
 -9.66055393e-02  2.36605406e-01 -1.02657788e-01  2.71764368e-01
  1.59900233e-01 -1.17183469e-01 -4.09371406e-02  2.74039626e-01
  1.52647167e-01 -1.93957031e-01  2.11002290e-01  3.69701684e-01
  4.19913054e-01  1.04662322e-01  1.01165406e-01 -1.18273182e-03
 -2.31402203e-01 -1.15438603e-01  7.14829922e-01  9.39260609e-03
 -2.80481055e-02 -7.56451115e-02  1.00019887e-01  1.03834294e-01
 -1.17249288e-01 -2.62749255e-01 -4.42838343e-03  6.63905367e-02
 -4.42908645e-01 -1.72490999e-01 -8.86308700e-02 -7.05262795e-02
 -2.60195225e-01 -1.70849726e-01  8.19964185e-02 -1.78126201e-01
  7.31414929e-02  1.12215027e-01 -4.80895072e-01  1.91195369e-01
 -3.42059880e-01  1.72231197e-01  1.72302037e-01  1.94443092e-01
 -4.08238232e-01 -5.88751674e-01 -6.12739742e-01 -3.00898105e-01
  3.70038033e-01 -1.04154482e-01  8.75377133e-02 -2.18270957e-01
  2.48879313e-01 -1.68446317e-01 -1.03649855e-01  6.75132990e-01
 -1.65125027e-01 -8.31956714e-02 -1.92093506e-01  1.15573272e-01
 -6.92581534e-02 -1.85898673e-02 -3.04025829e-01  7.93187693e-02
 -1.08776577e-01  4.74628448e-01  2.46548310e-01 -3.54682207e-01
 -2.25979254e-01  3.63724023e-01 -4.79775786e-01  5.18927991e-01
  3.97126615e-01  2.20617011e-01  1.32284790e-01  2.54713118e-01
 -3.14290822e-01  4.08308297e-01  2.67897725e-01 -1.92240909e-01
  1.72241852e-01  2.07288995e-01  4.20323074e-01  2.25868002e-01
  5.83242625e-02  3.81558873e-02 -1.92487851e-01 -1.11496888e-01
  2.18425289e-01  8.73293430e-02 -5.73782846e-02 -3.02345380e-02
 -9.85392779e-02  2.81939991e-02  1.51111245e-01  3.63072097e-01
  1.17241316e-01  1.72446355e-01  5.16000390e-01  5.38504161e-02
 -6.61884427e-01 -2.11836770e-01  1.90747499e-01 -4.82169017e-02
  2.64636248e-01  3.69744748e-01 -8.92342553e-02  3.08244489e-02
  1.07144393e-01  8.18572789e-02  1.19402058e-01  5.11541367e-01
 -4.85606827e-02  9.38943326e-02 -5.11006296e-01  2.02190787e-01
 -5.27089871e-02  1.58359885e-01  1.02958262e-01  1.70158282e-01
 -1.48339152e-01 -5.26652455e-01 -2.38753542e-01  1.42325267e-01
 -3.51444900e-01 -1.14388287e-01  3.93774286e-02  1.72113121e-01
  6.43514097e-02 -8.26900601e-02  5.70036411e-01  6.84859827e-02
  1.74118698e-01  3.36841978e-02 -1.41417626e-02 -1.14645869e-01
 -3.05596352e-01  3.72672379e-01  4.13874257e-03  1.09547630e-01
 -1.41440749e-01 -2.70074844e-01  2.19217017e-01  5.44645190e-02
 -3.55460525e-01  1.40992254e-01 -3.75696152e-01  1.20658837e-01
  1.44185230e-01  8.11077729e-02 -3.07504714e-01 -6.28640577e-02
  1.75019473e-01 -2.34783322e-01 -1.35744274e-01  3.97760928e-01
 -2.75169939e-01  2.14493237e-02 -2.61178408e-02  1.66776720e-02
  4.95549709e-01  1.76940352e-01  5.87793410e-01  1.78755462e-01
  2.06188306e-01  7.39928260e-02 -8.44080653e-03  1.07179008e-01
 -2.84916937e-01  3.58957231e-01 -1.15550525e-01  1.55343384e-01
  2.79290527e-01 -2.57425159e-01  2.30176643e-01 -2.07588673e-01
  1.62848666e-01 -8.21943134e-02 -6.09698594e-01 -8.74145404e-02
  4.24884172e-04  1.05502844e-01  2.77550459e-01 -3.30237389e-01
  2.48295799e-01  8.64401758e-02 -3.21613431e-01 -4.01985645e-01
 -3.36660892e-02  1.16781682e-01  7.59578422e-02  2.95343369e-01
 -4.88744110e-01 -4.21436310e-01  2.34545320e-01 -2.30826899e-01
 -1.60716102e-01 -4.37765867e-01  1.96046501e-01  1.21063307e-01
 -2.93648150e-02  1.00845188e-01  1.73318833e-01 -3.76894698e-02
  1.04651310e-01  1.31447569e-01 -1.99953452e-01 -3.05968765e-02
 -1.38824329e-01  5.43791465e-02 -2.05771670e-01  5.04331946e-01
 -3.79453669e-03  3.05906028e-01  1.91489786e-01 -7.88540602e-01
  1.52683839e-01  4.35120136e-01  1.05501391e-01 -3.60185385e-01
  3.67098629e-01 -3.89818102e-01 -3.03404003e-01 -3.24873030e-01
  2.40065902e-03 -2.14710161e-01  1.46896422e-01 -6.07602298e-01
 -2.97015339e-01  3.56073588e-01 -5.10067195e-02  1.84761345e-01
  1.48248568e-01 -1.78491175e-01  5.49741760e-02  5.31020621e-03
 -2.23175332e-01 -6.79142475e-02 -3.60810190e-01 -2.01177180e-01
 -1.32269636e-02 -3.21482837e-01  3.56361747e-01 -6.60926938e-01
  1.85084194e-02 -6.60807490e-01 -1.62198365e-01 -5.22684865e-02
  1.02891222e-01  1.40920162e-01 -5.65215945e-02 -1.73050642e-01
 -3.01840603e-01 -7.52979934e-01 -1.14467114e-01  3.54571819e-01
  3.02422643e-01  1.89965725e-01  1.46792158e-01  3.02534997e-01
  1.19777294e-02  2.86638021e-01 -2.82123655e-01 -1.17017463e-01
  3.17966163e-01  7.06849173e-02  2.85597026e-01 -1.67321637e-01
 -1.34572342e-01  3.73908192e-01  5.98591473e-03 -9.22254845e-02
  2.93344054e-02 -4.93689626e-02  4.82605070e-01  1.80676058e-01
 -4.19440001e-01  3.19988936e-01  2.19940007e-01 -3.86693813e-02
 -1.70739651e-01 -3.29715937e-01  4.55963075e-01  2.34006554e-01
 -4.86124791e-02  3.35890502e-01  2.32028067e-01 -1.56850591e-01
 -3.24714512e-01 -5.25810868e-02  4.19604033e-01  3.31416339e-01
 -3.81609909e-02 -2.84556895e-02 -2.37234980e-01 -3.22923392e-01
 -4.79032516e+00  2.93701977e-01  8.61199051e-02 -2.92325854e-01
  1.04193002e-01 -1.37753808e-03  2.33474597e-01 -4.97639999e-02
  2.09821165e-02  1.43214732e-01  1.23058341e-01  9.34287161e-02
  8.39020535e-02  2.12373257e-01  8.86094198e-02 -9.54292715e-02
 -7.21577108e-02  9.27622914e-02 -1.95795223e-01  2.18333796e-01
  9.24264044e-02 -3.96740019e-01  2.21849736e-02  2.37503737e-01
  2.05511674e-02 -7.43251815e-02 -3.07100832e-01 -3.26147765e-01
 -7.34568313e-02 -1.75831020e-01  3.99564832e-01 -5.20254150e-02
 -5.40407300e-02  4.93768007e-02  1.61525428e-01  8.65812525e-02
 -1.40294984e-01 -4.06945705e-01 -1.68175623e-01 -6.00297570e-01
 -5.12182191e-02 -7.64639080e-01  3.10176462e-02 -2.97702193e-01
  7.21876740e-01  1.75433114e-01  3.14219654e-01  7.76813775e-02
 -1.00060791e-01 -1.24176532e-01  2.90528119e-01  1.21354297e-01
 -1.55934334e-01 -2.19517976e-01  5.93278818e-02  5.06589226e-02
  3.57098371e-01  3.49293977e-01 -1.70386910e-01 -1.70987397e-01
 -3.67400981e-02 -1.40597820e-01 -5.25536776e-01  1.06540345e-01
  4.12841737e-02 -3.94688368e-01 -7.01738298e-01  1.78456619e-01
 -5.88179976e-02 -2.14914903e-01 -3.42150837e-01  7.83752263e-01
 -4.92510289e-01 -1.06185026e-01 -5.74356019e-02 -5.25138021e-01
  3.73219997e-01 -7.34770298e-02  3.42121184e-01 -2.54226983e-01
 -4.86395985e-01 -2.25730494e-01 -1.38516780e-02 -5.62635660e-02
 -3.11904311e-01 -2.25552600e-02 -2.83290386e-01 -1.03782862e-01
 -3.88371110e-01 -5.56596577e-01  3.31875414e-01  1.62875071e-01
 -1.43544925e-02 -2.14406401e-02  3.27153444e-01 -6.06991760e-02
  1.83626503e-01  1.09455734e-01 -7.12096244e-02 -2.40262762e-01
  7.87707046e-02  9.06177163e-02  3.51429999e-01 -3.15558434e-01
  2.12629065e-01 -1.67946205e-01 -2.08228201e-01 -6.27528578e-02
  3.76143724e-01 -2.57079750e-01  1.12978898e-01 -2.16021344e-01
  1.23673148e-01 -5.15185416e-01  6.33339584e-02 -1.54103890e-01
 -1.13751896e-01  4.93623346e-01  3.30462337e-01 -2.86704779e-01
 -1.62032738e-01  6.41781688e-01 -3.37059528e-01  6.87680542e-02
 -4.15351391e-01  1.19561210e-01  4.12871391e-02  2.80171156e-01
  3.14573616e-01 -3.69938836e-02 -5.48700280e-02  4.74593323e-03
 -1.83044016e-01  2.90316612e-01  1.46096334e-01 -1.45492658e-01
  1.10797428e-01 -2.08650634e-01 -3.59118909e-01  2.97828823e-01
 -2.44516596e-01  2.87699252e-01 -2.39698559e-01  3.84507999e-02
  1.46819413e-01  3.22457075e-01 -2.81435996e-01  1.17491417e-01
 -1.48720160e-01 -9.82204638e-03 -3.27939063e-01 -3.62672389e-01
 -2.91575521e-01 -5.06802559e-01  6.30967498e-01  3.41904521e-01
  8.73757675e-02 -1.95362523e-01  2.89167881e-01 -7.81098962e-01
  1.94764704e-01  3.76059920e-01 -1.11942207e-02  5.22648394e-01
 -3.44498873e-01  5.40543914e-01 -1.11071736e-01 -1.35636568e-01
 -6.45928532e-02 -1.32575601e-01 -1.32161573e-01 -2.91095823e-01
 -1.79912612e-01 -3.87035370e-01  2.13503927e-01  8.52713645e-01
  1.65282309e-01 -1.36861235e-01 -3.87809604e-01  5.85925672e-03
 -2.63167262e-01 -1.08615637e-01  4.27182652e-02  3.76008190e-02
  2.19352320e-01 -2.97635398e-03  3.79485220e-01 -1.05095832e-02
 -1.26864403e-01  2.22828373e-01  2.02020798e-02  2.08917722e-01
 -1.56319484e-01  1.52041405e-01 -3.43495518e-01 -1.24979401e-02
  3.27464104e-01 -9.68863964e-02  8.89919978e-03 -1.44202234e-02
  9.47976336e-02 -2.36171693e-01  2.21372060e-02  8.60222280e-02
 -6.08872361e-02 -1.71279982e-01  1.19845070e-01  3.59112263e-01
 -4.49627340e-01 -6.23385515e-03 -4.89955842e-01 -1.28385976e-01
 -1.47620633e-01  1.07756436e-01 -2.14286223e-02 -7.01786280e-01
 -2.12957561e-01 -1.01835661e-01 -3.16883206e-01  1.23228833e-01
 -9.55209062e-02 -1.86410263e-01  1.30971774e-01 -8.08400884e-02
  2.18613725e-02 -2.36906484e-01 -1.96890861e-01 -8.71097669e-02
 -2.29599774e-02 -2.84052968e-01 -2.32838750e-01 -7.66026855e-01
  1.44888967e-01  2.15052292e-01 -2.12993890e-01  2.38910452e-01
  6.13843463e-03 -4.61234450e-01  1.06976636e-01 -9.93555039e-02
 -7.41244778e-02 -3.79808173e-02 -1.55115351e-01 -3.23312998e-01
  2.03249723e-01  2.34952465e-01 -3.94419342e-01  5.58786094e-01
 -1.30383924e-01  3.44058603e-01  1.12043187e-01  3.79383601e-02
  8.78465325e-02 -2.86117196e-01  7.01893717e-02 -8.29967186e-02
 -4.03360426e-01 -4.11031395e-02 -2.64804304e-01 -1.53340310e-01
  1.43396378e-01 -8.56636912e-02 -1.45867497e-01  1.32951409e-01
  2.93561310e-01 -1.85501296e-02  9.56659690e-02 -2.05897808e-01
  1.32903710e-01 -5.47906041e-01  1.61353499e-01 -1.06049575e-01
  1.28505126e-01 -2.32991561e-01  2.46962771e-01  1.52865201e-01
  3.22958715e-02 -2.73857385e-01  2.69773573e-01 -2.31340379e-01
 -3.02303106e-01  1.35950655e-01  1.12524107e-01 -5.92438504e-02
  3.98957491e-01 -1.64551005e-01  1.54823482e-01  2.28455022e-01
 -3.39288972e-02 -1.36004835e-01  3.65177095e-01 -7.26684406e-02
 -8.06601867e-02 -1.25381693e-01 -3.08537483e-01  3.16577286e-01
  4.63734597e-01 -6.67470694e-02  2.76932895e-01 -8.24967921e-02
 -2.83405066e-01 -1.40269622e-01  3.98083329e-01 -3.34776044e-01
 -1.80831730e-01  2.36185327e-01  2.00068712e-01 -2.36704528e-01
 -2.39615217e-01  7.48076811e-02 -2.97490954e-01 -2.64899075e-01
  4.72712606e-01  5.95801711e-01 -1.77106023e-01 -1.60968214e-01
 -6.51120916e-02 -4.19361424e-03  3.90931517e-01  6.78838566e-02
 -1.77520245e-01  5.01073778e-01  5.18127501e-01 -1.87950566e-01
  3.95243943e-01  1.42297521e-01  1.43869128e-02 -4.20382977e-01
  2.05083564e-01  5.57288706e-01 -3.19758058e-01  4.36469018e-01
 -3.65062982e-01  5.45714021e-01  8.84293243e-02  1.55203789e-01
 -2.66898349e-02  7.02404082e-02 -7.01049168e-04  1.07748792e-01
 -4.24223058e-02 -1.63259551e-01  2.71189302e-01  3.90036315e-01
  7.31120929e-02  3.31149489e-01  1.88806504e-01 -1.07897632e-01
 -9.02099907e-03  3.51255625e-01  4.35575455e-01  4.21860278e-01
 -1.50693044e-01 -2.32069626e-01  2.02476695e-01  2.27997333e-01
  1.70445919e-01  4.41859990e-01  2.37005517e-01  3.80013287e-01
  1.02927282e-01  2.79435813e-01  2.75759071e-01 -6.49687409e-01
 -4.89215642e-01 -1.09541267e-01  5.43499351e-01 -1.17729418e-01
  5.88759184e-02  9.64048430e-02 -1.83803231e-01  1.25684142e-01
 -6.24377728e-01 -3.34277183e-01 -2.17821270e-01  2.42629439e-01
  1.19789760e-03 -2.86838919e-01 -2.83285081e-02  4.59833890e-02
 -7.56712854e-02 -1.99300587e-01 -9.32488739e-02 -2.12177500e-01
 -1.69344805e-02 -1.33567482e-01 -2.93665767e-01 -1.23238578e-01
 -3.50919187e-01 -1.26880497e-01 -3.12251989e-02 -5.77612929e-02
  2.85368204e-01  2.38508638e-02 -4.33514863e-01 -1.86711922e-01
  2.01857731e-01  7.23218247e-02  4.78603214e-01  2.06800014e-01
 -1.95000529e-01  1.01833083e-01 -2.03443706e-01  8.70946348e-02
  3.63358945e-01  2.29631454e-01  2.24030837e-01  1.54065266e-01
 -1.64900392e-01 -6.81202253e-03  9.76692811e-02 -1.10702097e-01
 -3.02956432e-01  1.69034198e-01 -1.88553452e-01 -3.67072336e-02
  2.32965946e-01  4.96901810e-01 -1.64033070e-01  4.47737202e-02
 -1.65731326e-01 -1.71995342e-01  1.38835177e-01 -1.37521639e-01
 -4.14919198e-01 -1.61967665e-01  2.13635191e-02  8.24468061e-02
  6.62151957e-03  2.08056927e-01 -1.24730222e-01  2.77842909e-01
 -3.94960076e-01  9.43099409e-02 -1.78899214e-01 -2.21700460e-01
 -8.88494775e-02  2.56125271e-01  2.30519518e-01  7.05367804e-01
  6.60441071e-02  6.03866875e-01  1.89948380e-01 -2.09893197e-01
  5.70410252e-01  9.09989625e-02 -2.01648146e-01  7.27978349e-02
 -3.21078271e-01 -2.19349667e-01 -2.02958241e-01 -1.28670121e-02
 -2.94095930e-02 -1.88975975e-01 -1.33667467e-02 -4.50955212e-01
 -4.38632041e-01 -3.32542509e-01 -1.76393554e-01  2.16513928e-02]"
